0.07159469 0.04613583 0.02616115 0.01235798 0.004769864
0.001392118 0.0002713793 0.09561931 0.06837525 0.04526233
0.02723923 0.01457266 0.006774429 0.002661794 0.07862846
0.055398 0.03661881 0.02252369 0.01272386 0.006529753
0.003044765 0.0804688 0.05601503 0.03625888 0.02109208
0.01098665 0.004972115 0.00189758 0.08285375 0.05870718
0.04092477 0.02547576 0.01497268 0.008080148 0.003974158
0.07995562 0.05053263 0.03023178 0.01547087 0.006604659
0.002229589 0.0005552747 0.08755311 0.06257936 0.04172204
0.02564234 0.01427293 0.00713343 0.003134298 0.08722858
0.06203638 0.04101433 0.02488003 0.0135937 0.006615709
0.002804539 0.08224207 0.05824984 0.0385839 0.02340379
0.01296774 0.006433261 0.002811632 0.103394 0.0770881
0.05405559 0.03521283 0.02110773 0.01143302 0.005470386
0.06573136 0.04195627 0.02333869 0.01095778 0.004073742
0.001740895 0.0002133719 0.0906148 0.0669688 0.04684759
0.03067792 0.01845854 0.01026643 0.004969729 0.08837326
0.06331369 0.0425261 0.02636307 0.01484043 0.007531274
0.003372188 0.08358777 0.05275969 0.03182912 0.01657333
0.007183901 0.00247743 0.0006349331 0.07819709 0.05288856
0.03231125 0.01778588 0.008467828 0.003318519 0.001005697
0.08263188 0.05877805 0.03916989 0.02401795 0.01349949
0.006820675 0.003064175 0.0908281 0.06586563 0.04493534
0.02854845 0.01654863 0.008712866 0.004074233
